-1.762669191324431495e+02
-1.086560620122676113e+02
-1.009490512256797956e+02
-7.431479528156987158e+01
-5.625053208639525337e+01
-5.921877776534302740e+01
-4.363940823906749955e+01
-3.910190576438087362e+01
-4.328784031052441605e+01
-4.131906533480950827e+01
-3.535445482388404059e+01
-2.591796873900220533e+01
-4.464903802598911398e+01
-3.573484538825150025e+01
-1.747452042357668489e+01
-1.416793527541707221e+01
-8.669662692314172858e+00
-1.212414892301109326e+01
-2.740345730595585039e+01
-2.570299473497853882e+01
-2.591286110068658388e+01
-2.282500150677275386e+01
-2.406161876053702642e+01
-4.644810431846865129e+01
-3.277482326869514395e+01
-3.954451377754996599e+01
-8.441438757046602959e+00
-1.867106861324081635e+01
-2.704556205263012103e+01
-7.452004790685318625e+00
-1.564650815503266301e+01
-1.107339651644759293e+01
-4.484899489817722440e+01
-3.763670289962935556e+01
-3.301748461888601582e+01
-1.886248167596079028e+01
-1.826260884406218210e+01
-2.879874223649330744e+01
-3.269435023875141155e+01
-5.479162797957646092e+01
-2.228719393555070383e+01
-3.493787161233525751e+01
-1.544503258624047426e+01
-1.291316169129712321e+01
-3.639479757484844669e+01
-2.222250928110213408e+01
-5.240205155300445838e+00
-1.786923062007928564e+01
-2.353715648792264048e+01
-4.495160776599286478e+00
-2.198133101499201913e+01
-8.725709564771954030e-01
-1.681461755972195604e+01
-1.600300858069761745e+01
-7.245292941059442882e+00
-1.844022069358808835e+01
1.248115417587444931e+00
-3.560242005641445218e+00
-2.247926232096617838e+01
-7.121736619167300830e+00
-2.196934161785531714e+01
-1.817072695210591782e+00
-1.760165718802530677e+01
6.742442667888806973e+00
-2.825092466637573096e+01
-1.505405949440081770e+01
-2.479154598439765422e+01
-2.180694827139729242e+01
-9.963609501507834088e-01
-2.152982947168813510e+01
-1.338753783618088633e+01
-2.931200455652631121e+01
-1.031172128975229718e+01
8.864673132570835890e+00
3.718891280142242550e+01
2.927531598517219180e+01
1.389306756654178798e+01
2.236429479760364458e+01
1.355918238769782036e+01
1.764940473763353879e+01
-4.801877824448614440e+00
-1.481602181914068339e+01
1.612937660462466383e+01
4.598437804926867045e+00
1.423749279574331617e+01
4.927467473857127800e+00
2.284623871932428330e+01
5.318879443374519411e+01
3.139889499740875678e+01
4.316961887314312918e+01
5.867623407351484133e+01
4.195006509946049533e+01
2.981612797715323637e+01
2.650107637584525477e+01
1.556893698045403696e+01
3.100979753185155019e+01
4.297192062445756733e+01
1.666466846837781191e+01
2.845211304253852802e+01
1.227460263551927255e+01
